4 , 784 , 4 , 4 , 10 , 



0.6498595845937232 , -0.44372555077825937 , 0.6571160435819355 , 0.31538569200724853 , 

-0.4333576438257253 , -0.6833123055859378 , 0.6066232738044429 , 0.3344552796021256 , 

0.2924936262106753 , -0.4245856713321686 , 0.4954765802238684 , -0.8291826265967245 , 

0.8532508479189952 , -0.38712052814037157 , -0.21256796084911267 , 0.9639447674386075 , 

0.28440179804485144 , -0.9109387799133731 , 0.41597366010613623 , -0.676848348550402 , 

0.3385703740995406 , -0.041044064445302286 , -0.6026114910955426 , 0.6800663887385575 , 

-0.2952109068078328 , 0.553911896081216 , 0.5505177786991983 , -0.9040835928715688 , 

-0.3094095674502366 , -0.49234175524544266 , 0.7626502413478146 , 0.07725660835142945 , 

0.9204151256262666 , 0.02507713624543917 , 0.7911229094692873 , 0.3820955580227219 , 

0.7238048071438682 , -0.6976000006169283 , 0.5707794654849464 , -0.37967285906350023 , 

0.46119160151189287 , -0.3905056995711754 , 0.14101123003338167 , 0.643565937173853 , 

0.03137946164477212 , -0.5518648053595877 , 0.38472600792564193 , 0.794739644440626 , 

0.17687239507899677 , -0.5199780119740463 , -0.6633740855666999 , -0.878775131755224 , 

0.8496438520576471 , 0.002930179919703013 , -0.4769375411929162 , -0.276850917107746 , 

-0.5100726407505768 , -0.03135025917335965 , -0.527789256517942 , 0.5918828186779864 , 

-0.8629515738008224 , 0.9507826807764215 , -0.8173278134885349 , 0.20122872501455424 , 

0.7844750392119376 , -0.27007706293425116 , 0.6542944337747315 , -0.4173646551558077 , 

-0.44411202014178897 , -0.4322021722482061 , 0.703678375663846 , 0.4479381331379181 , 

-0.8752704213413868 , 0.8238903973563143 , 0.4551169683344829 , -0.5966053669966642 , 

-0.4986592491560279 , 0.5905190704896456 , 0.7396963778050685 , -0.3960583237634977 , 

-0.35225474869648554 , 0.07263484206626925 , -0.17405978372198427 , 0.614647989396802 , 

0.03177693333881304 , 0.9305274661815952 , 0.6607286514998796 , 0.32801004670991896 , 

-0.5955823195878531 , -0.27325901585247636 , 0.3235437715286631 , 0.4970993421932518 , 

0.9378797420472763 , 0.35855495292909456 , 0.5071321299393607 , 0.7440391885275018 , 

-0.3841750540806568 , -0.6799633025000043 , 0.7193060665765048 , -0.26719188113593073 , 

-0.5128508811012549 , 0.5076881853410055 , 0.6453004642942727 , 0.08685670654070299 , 

0.4567883124092015 , 0.19950377196870372 , 0.6127549840175879 , -0.06300160480436312 , 

0.18893584169698208 , 0.8481551726197486 , 0.1363468289150792 , -0.37643480107440463 , 

-0.5457327476157224 , -0.0816523937718363 , 0.42098086586059547 , 0.4148224865556003 , 

0.9922924405900108 , -0.08286351044901619 , 0.9524430420155897 , -0.25495921410533773 , 

-0.38325248298601955 , 0.14481353510467632 , -0.5544233957178468 , -0.18269678330282524 , 

0.22319723350375464 , -0.32809497586255465 , -0.5408150092908006 , 0.9419380194170915 , 

-0.1805595770290358 , -0.036796602162054604 , 0.8421950464967235 , -0.6541019736332843 , 

-0.8589079515863594 , -0.5793563733353081 , 0.23539421479745337 , 0.5994663454651628 , 

-0.07952466424166549 , 0.030745055612844352 , 0.05506083239884263 , -0.3017937217685156 , 

-0.17918231109319238 , -0.9623865799428585 , 0.01612568378040402 , -0.607647649350235 , 

-0.07702383871402185 , 0.8562215394610648 , -0.02607425346826875 , 0.7018050834337142 , 

0.11445312923972495 , 0.26931991624903273 , -0.11593200766287126 , -0.2501710278096264 , 

0.9219419072350321 , -0.0654494436685722 , -0.8688696040521191 , -0.11160211009842325 , 

0.8166595599602928 , -0.28000570136064507 , -0.9753337962790113 , -0.3100449154041951 , 

-0.48483176602919986 , 0.43471046095508004 , 0.7936104738102062 , 0.20839560571939408 , 

-0.9527346507384093 , -0.36848410390808406 , -0.04472620717153253 , -0.07548695383386317 , 

0.10023011719137442 , 0.9008987412725383 , 0.020594314613849862 , -0.4876090881396783 , 

-0.2207491981568931 , 0.8946181920941965 , -0.9343118425269931 , -0.25597012923930784 , 

-0.381629293851526 , 0.5332309063463921 , 0.2915136619297245 , -0.8215030818038223 , 

0.5887116861009678 , -0.8808822796690151 , -0.4116899019900715 , 0.3084251551380789 , 

-0.009105559147977171 , -0.04011257248423228 , -0.47837316877313507 , -0.6779556896350989 , 

0.7560247163962723 , -0.47430653057742855 , 0.7471014348946193 , -0.6735991680503659 , 

0.9896034394248361 , -0.3111611357826767 , 0.7900632196405221 , 0.49939928761258656 , 

-0.33759743269287656 , 0.693577740323406 , 0.9063310569899438 , -0.42257053464874117 , 

-0.889876441830918 , -0.49438460366564707 , -0.07658964013345826 , -0.7419135283126069 , 

-0.270614451685367 , -0.9612964356118076 , 0.09126479638619411 , -0.8134200908068422 , 

-0.5420839998579632 , -0.1085168527336502 , 0.7309596438351671 , -0.07447473537091065 , 

-0.9439607577766181 , -0.9213902401137174 , -0.1281041059717546 , 0.25805844746854534 , 

0.7220445499606046 , -0.6905091117583884 , 0.6887240983959498 , 0.23836127908367766 , 

0.5503031348799536 , 0.04168339459658965 , -0.20323640738109328 , -0.19920969861375815 , 

0.30014507453421047 , 0.47817763256979484 , -0.025175999068813293 , -0.06671540253390817 , 

0.16082766597312326 , -0.5016226176837224 , 0.446761488510232 , 0.3975512556493468 , 

-0.3649066567651854 , 0.6280076307918824 , -0.6502052465528444 , -0.1642612374728859 , 

-0.022633486668606095 , -0.8651592401878345 , 0.8636745219896405 , 0.12901003919319787 , 

0.8192065763449546 , 0.4681135336803067 , 0.6008095726821403 , -0.7471790919130978 , 

0.5787829194601146 , -0.038787382050746166 , 0.11270516072216819 , 0.7922148717892231 , 

-0.9491562531436333 , 0.286355408401776 , 0.4312618002248084 , 0.1431359572785479 , 

0.7110077278749753 , 0.01473871578154795 , 0.6328127924424036 , -0.42610507900388517 , 

0.465635865857828 , 0.15361168251401303 , 0.20093333993448892 , -0.4514722276618831 , 

-0.7050716171922576 , 0.8993331532915834 , 0.6173382438701022 , 0.637695380860633 , 

0.5184849378274147 , -0.2822080746898863 , -0.5597739472061404 , -0.863544757848203 , 

-0.4387891530900049 , 0.7264860149197923 , 0.3358116885885234 , 0.43999711086515003 , 

-0.18334928490206304 , -0.41950281764209496 , -0.4314476265773821 , 0.1432261632480033 , 

0.292700703340795 , -0.5563713602734465 , -0.3034165723831638 , 0.5000955167522528 , 

0.9211841539941548 , -0.776628121094343 , -0.7941249895491944 , 0.7675602648817083 , 

-0.2834037676340808 , -0.3592414138290547 , -0.7981101893402339 , 0.29738347823057054 , 

-0.5104137087802881 , -0.9923878226449406 , 0.05893159633940204 , -0.2275739401861101 , 

-0.9195405390631171 , -0.18440268879046395 , 0.22540018599856393 , 0.6919513213500375 , 

-0.9517466464845309 , -0.6323114574908283 , -0.5460528403624836 , 0.9892450294654291 , 

0.28044171962821585 , -0.114347743771132 , 0.8307773884357073 , -0.4031330200648414 , 

-0.8456481320079366 , 0.722864352131255 , 0.5584948315433245 , 0.6146267524724108 , 

-0.8174265227011055 , -0.5040437569428866 , -0.2598049746399863 , -0.898208613628477 , 

0.7424680121514232 , -0.8208140922283959 , -0.5535016584445235 , 0.5431280763259141 , 

0.3777590189125857 , 0.005376971427434651 , -0.46586385060744684 , -0.1912627280621908 , 

0.9652251981733007 , 0.11775331247084786 , -0.9116289025473824 , -0.0329505637562143 , 

-0.9512606093966394 , 0.876753585625328 , 0.46555419291081945 , -0.05219961147875518 , 

-0.40504834334132334 , -0.07977854766967929 , -0.8034733525325156 , -0.7626813962042156 , 

0.6395789318648102 , -0.0778568128109034 , -0.4417533738073245 , 0.1259141989738295 , 

-0.7892727931275203 , -0.12232551016548598 , 0.6540589558129811 , 0.5930426090274766 , 

-0.348112849333552 , -0.649560221751906 , -0.6943300379173231 , 0.46161948275639164 , 

0.9221937111882593 , 0.8201605178749692 , -0.704879163782127 , 0.9887966356705962 , 

-0.7005936928679095 , -0.8789972912985707 , 0.9385144869360053 , 0.9523302694746262 , 

-0.3984755971963797 , 0.1525281698345844 , 0.17359524609305854 , -0.6008080192389278 , 

-0.6763229595072016 , 0.7497872459973864 , -0.45092524571824666 , -0.18450291495533666 , 

0.2892177867434623 , -0.2834553660988084 , 0.5113912221702377 , -0.5082615224436234 , 

0.47006596618381036 , 0.1774172099824468 , -0.5632519661988247 , -0.19783161005158778 , 

-0.3006766262162319 , -0.37721147082734896 , -0.2579846723457365 , -0.6210363304441981 , 

-0.07460195882397536 , 0.5297803885717443 , 0.0035945424881257404 , 0.6552006588050326 , 

-0.905643376423356 , -0.9489247750234884 , -0.9942941215241398 , 0.7422365626554575 , 

0.08593044566259289 , -0.9328708065596287 , -0.5854584445939226 , -0.9227931885071806 , 

0.9474788358998594 , -0.2503551620660154 , -0.892762406780229 , 0.7908781009693641 , 

0.23113364301331307 , 0.8616340593130487 , 0.7444063527256094 , 0.560356045790445 , 

0.21680394628167576 , -0.19082319210157994 , -0.36533648337486546 , 0.6847314885226873 , 

-0.11889539857238385 , -0.515974352343056 , 0.42236599532334584 , 0.7216209160018756 , 

-0.5008466852241403 , 0.29329510610857334 , 0.3091034084187507 , 0.38332139819933286 , 

0.7126761675731469 , -0.4819178964067994 , -0.7995942727684984 , -0.9648816882113158 , 

0.6054452692161664 , -0.1856245021411721 , 0.4495825245358056 , -0.5910819034575537 , 

-0.026544332363829137 , -0.17793251657897702 , 0.37429762952247314 , 0.9737281776126944 , 

-0.8497076290372002 , 0.12694984183794022 , 0.2816739999883622 , 0.6206684530022917 , 

-0.5436636791441163 , -0.5864033933363588 , -0.8899086523422021 , 0.687935899844647 , 

0.533326941790121 , 0.06924853970362754 , 0.10826355390081244 , 0.9164257669916896 , 

-0.8574373373343102 , 0.7702651815245416 , -0.6100189169240203 , -0.34451236661704554 , 

0.8765537336001425 , 0.7540471061729439 , -0.676483433636942 , -0.7380121688678339 , 

0.03530772709165586 , 0.6747903805470634 , 0.44096813513000255 , -0.9288993438498901 , 

0.932823904779209 , -0.34428762012779046 , -0.9116296368803654 , 0.5041800324367616 , 

-0.20521288005228688 , 0.7145338440181709 , -0.4020894910380466 , 0.5363315417111412 , 

-0.9740432511505867 , 0.09135046381272227 , -0.24873544547329007 , -0.29671266457269896 , 

-0.8646989917377571 , -0.6454336449460754 , -0.9436112775744145 , -0.14335155028897706 , 

0.8485281015540455 , 0.5372331934887733 , -0.06180109965025493 , 0.024517183962274425 , 

0.4126892279779011 , 0.2220681846879896 , 0.612214692167701 , -0.28948089423860734 , 

0.8116021981914959 , 0.7518858363982855 , 0.6906798287336808 , 0.747873895077608 , 

0.4039087629982814 , 0.14006947862171892 , 0.564248052194546 , 0.169047482075123 , 

0.32884994647295585 , 0.10570229366577788 , 0.5656200669278786 , 0.6628417475963427 , 

-0.025966071523964906 , -0.7636927302925168 , 0.42659706513864804 , 0.6331692787490306 , 

0.3520258033948451 , -0.0771680652016914 , 0.9294639957725468 , -0.24582014203893943 , 

-0.2990904972513687 , -0.13854221638694586 , -0.005211458936877467 , -0.6018941493504053 , 

0.5676199609128031 , -0.5956641997514632 , -0.6575021226831161 , 0.05826694006220434 , 

-0.49852603063295153 , 0.7894533111703902 , -0.34128792035842836 , 0.38649597079921216 , 

0.11808022745147984 , 0.41942747754051013 , 0.6749844990749675 , -0.7115726868596287 , 

0.299581407733459 , -0.8035308366527357 , -0.6151090657455263 , 0.4219271083793412 , 

-0.29569026401349385 , -0.0486669372738302 , 0.47228775105707876 , -0.4920911723284118 , 

-0.1453362991897248 , 0.6983436714269914 , 0.39753894330459205 , 0.9094269814448765 , 

-0.7091039737218809 , -0.6738364420164187 , -0.2177386752037399 , -0.14632621924445732 , 

-0.33700399905595924 , -0.5752755064221423 , 0.7491745230554776 , -0.869287038673563 , 

-0.42253620125822555 , 0.6590638427480419 , 0.9680939598200815 , -0.32627464629128067 , 

-0.34695011434562717 , -0.05803200834055744 , -0.6671536885288349 , -0.10377179269018422 , 

0.567609615536605 , 0.06073594238024671 , -0.47667614346012555 , 0.1949255326026944 , 

-0.8543676948541682 , 0.516304115108468 , 0.379619231022719 , 0.5701963238417832 , 

0.9278579022732176 , -0.6812401766570174 , -0.09916587775258379 , -0.6919158508745008 , 

-0.003608408381790218 , 0.07458758999938708 , 0.987839256200357 , 0.6641598433427941 , 

-0.9958851993964677 , -0.15786215512231272 , 0.29705038277569507 , 0.9593420592632557 , 

0.38517029034755634 , -0.906158901485697 , 0.9559838316657296 , -0.9129356212638885 , 

0.0031817678469276967 , 0.5868396656515102 , 0.2387282365421317 , -0.4277282406679719 , 

0.23934131528612534 , 0.3122072574550484 , 0.9485577339559342 , 0.5790171229023444 , 

-0.4225958903165975 , 0.18257292647992174 , 0.9982703123294625 , -0.062150349810508154 , 

0.38249963214275495 , 0.08612296515492812 , -0.5154897345345835 , 0.6738204056880018 , 

0.4434621245873299 , 0.4719909888708317 , 0.8518370203183622 , -0.2685166798733497 , 

-0.35606972575908624 , 0.6629420051066827 , 0.12487779148689104 , -0.8815427393719021 , 

0.9193855761922958 , 0.524074476687572 , -0.17175180138450452 , -0.9600047349592989 , 

0.2981350633432558 , -0.5539468264395824 , -0.04339079511695343 , 0.8931775016516742 , 

-0.288682719391712 , 0.7145344617039608 , -0.4182309102970423 , 0.28365409859114 , 

0.03770687574704645 , -0.566423535008276 , -0.5643262937525251 , -0.6506853864865736 , 

0.9674782821750919 , -0.5256478248303884 , -0.7287693318614807 , 0.507115842143663 , 

-0.9116491257041417 , -0.30857503470938374 , 0.083324758550828 , -0.0013217239364937683 , 

-0.7154583666533736 , 0.8812485295608489 , -0.6051830311726214 , -0.5655579740191479 , 

0.8042599387009651 , -0.47959084470354396 , 0.5217397987095327 , -0.2621201126906302 , 

-0.4742799016984729 , -0.5168754558414261 , -0.19830744112002763 , -0.7687271903366266 , 

0.9095089972912055 , -0.44487270592382466 , 0.5976649007776126 , -0.1945323578352134 , 

0.17863637567619683 , 0.8850763100724973 , -0.6903522691023998 , -0.16816696438783008 , 

0.715931502351055 , 0.5964167740826224 , 0.4446161928771749 , 0.8892246319039263 , 

0.039979677909164346 , -0.09586782731149068 , -0.2749123770816988 , 0.08459169918833431 , 

-0.714178097778133 , 0.9983520191974381 , -0.07787158401355454 , -0.061029777254618556 , 

-0.8028982649365709 , -0.39235221352213245 , 0.2346350702531459 , -0.29541738270816364 , 

-0.32722122802067366 , 0.8176346006675326 , 0.20846615181380035 , -0.25405608504844435 , 

0.4741516888237006 , 0.6614899098265713 , -0.6165436080665838 , -0.3824482614941107 , 

-0.5632176676666537 , -0.03989891080545549 , 0.9048437563418139 , -0.45695200693904114 , 

-0.024361196948542663 , 0.4800284924958641 , 0.005016885445134345 , -0.7397198828610619 , 

0.8910273199504115 , 0.9704645045124861 , 0.6021648278360748 , -0.628327492375744 , 

-0.5623566342335096 , -0.19558785023985392 , -0.8924254257621844 , -0.741498393893619 , 

-0.8383883214296588 , 0.02049954839733703 , 0.9592705742391133 , 0.6323312437156793 , 

-0.4821796552728388 , 0.5429017356539902 , -0.1474236930272811 , -0.5704359556969858 , 

0.8127482069637244 , -0.27834026034689696 , 0.06330328814376307 , 0.08438438833363726 , 

-0.08274313459696858 , 0.295215400250445 , -0.08089847741177514 , -0.20588265287673013 , 

-0.6447516043796104 , 0.36596689834255935 , -0.481982954321873 , -0.6070704410698535 , 

-0.16014687193143562 , 0.45083955894268724 , -0.6095736744891803 , -0.072354413959683 , 

0.354383959636957 , 0.08063569502510626 , -0.6635401652860554 , 0.9961813111465407 , 

0.07264945088926322 , -0.45486058712596555 , 0.01727128682689294 , -0.848157322735584 , 

0.6397715681634019 , -0.32166731170285523 , -0.1843051437187968 , -0.7969198527420682 , 

0.7782965267683223 , -0.9560070323100884 , 0.8138286702810144 , 0.934168104452637 , 

0.5886379347120732 , 0.8023912977130077 , -0.3439531772427351 , 0.7902584004292474 , 

-0.3452050740670869 , -0.5986722391388225 , -0.19167194303789037 , -0.0827709284280066 , 

0.11241630527902458 , 0.04724705432509757 , -0.6084062047617814 , 0.8894536843584927 , 

-0.43450422701813607 , -0.350093348566233 , -0.5800458330738483 , 0.6869503855122253 , 

0.6030183934323549 , 0.1740408188988034 , 0.40039071083528077 , 0.9467179836248272 , 

-0.2559321245435341 , 0.8626864998266103 , -0.7968995542511998 , -0.2295407670673788 , 

0.31225953202100887 , -0.961358959868765 , -0.7376517418206949 , -0.9700465252693143 , 

-0.49608910980937704 , 0.37153828735204775 , 0.2984291208324428 , -0.39263165290965363 , 

-0.9539399149871346 , 0.7011377092162764 , -0.21882337906093607 , 0.25020109166201154 , 

0.7193470981149919 , -0.6270534800882523 , -0.026275824741177956 , -0.3271295474459234 , 

-0.028582175151155353 , 0.3363888481401166 , 0.8569553040378999 , -0.8978499927286389 , 

0.741415344084785 , -0.36275889144987616 , -0.3523809128226464 , -0.5824760333909521 , 

0.37082514150736423 , -0.38408186001657685 , -0.26069558215207056 , 0.29086408264599717 , 

0.47556230268893696 , 0.7982637500926608 , -0.6214966503684006 , 0.19652188427167105 , 

-0.4194738728875893 , -0.1431822153725607 , 0.6631299557008391 , -0.931769275491552 , 

0.7514937852586188 , -0.6773759531042018 , -0.7913535101347885 , -0.44555778391903833 , 

-0.7102060946527993 , 0.6878459900374307 , 0.2982770574596687 , -0.2153551053617666 , 

-0.6068874477486339 , -0.3413749392208143 , -0.6704836880209274 , 0.7545008855376832 , 

0.0909345988283945 , -0.14577068981373287 , 0.6252400142526852 , 0.6064396811364726 , 

-0.5515834547852912 , 0.33744056367230824 , 0.25370078894397463 , 0.2672379777631334 , 

-0.1598260472674382 , -0.761702318919701 , 0.9000144330621102 , -0.7277907751189564 , 

0.30443131204893104 , -0.06223829502964218 , 0.6552358542750489 , 0.5771247138142435 , 

-0.42597617039124847 , -0.24609871455528332 , 0.5949523896969288 , 0.8582032616186008 , 

-0.5027931575637453 , 0.9406607266048713 , 0.13952960417593174 , 0.11764104530185626 , 

0.6927408325161265 , 0.9089491103387882 , 0.16588285960504545 , 0.3407326894092414 , 

-0.8847031021129603 , 0.6397252161388775 , 0.7496809469906145 , 0.713203121464016 , 

0.16372385038531478 , 0.07875002547169696 , 0.6668882853551242 , 0.40108524883356167 , 

0.4436829987589923 , -0.8176278996460391 , 0.03355159922949613 , -0.7901312440458027 , 

-0.7714205292754803 , 0.3066372188613221 , 0.7127374819537893 , -0.8761639025855263 , 

0.05621423168664208 , -0.9079538484478443 , 0.3675271961258446 , 0.7477741236929459 , 

-0.22851790760494228 , 0.855674177587889 , 0.28897470863483166 , -0.35277076212724034 , 

-0.08186600865706883 , 0.43904355565996056 , -0.37793449788374933 , -0.9897893708039932 , 

0.301850972436167 , 0.9752966107248201 , -0.9096650635826161 , -0.21646568738849115 , 

-0.43607970258712636 , -0.3885156254728911 , 0.9601148182774332 , -0.11558039220438676 , 

-0.8090151811486541 , 0.4609132688871841 , 0.6227960600286544 , 0.11058126621116748 , 

0.6356096073325102 , 0.07294573228144463 , 0.3951538469652812 , -0.771889224255871 , 

0.83763532653512 , -0.9986630373542492 , 0.3633355252823789 , -0.3053938978670726 , 

-0.31661978729975016 , -0.07270184221243581 , -0.06426757494593971 , 0.6645459357005812 , 

-0.6872905888587831 , 0.7953282804143965 , 0.15394566623392203 , 0.4774511967159679 , 

0.7254372965585326 , 0.6919356448965543 , -0.2608445392233244 , 0.23037411595207458 , 

-0.03409573761885043 , -0.9934044592841366 , -0.6533534875934176 , 0.39905564894862333 , 

-0.6819615364863493 , 0.45373024763846437 , 0.6001443345264732 , 0.4692526201966585 , 

0.8179387884980085 , 0.3713258522378745 , 0.5523773617011474 , 0.03790448516197098 , 

0.5157300872216048 , 0.1304041841392014 , 0.5266523250290184 , 0.43633362345907833 , 

-0.35237470570998597 , 0.8288477569280344 , -0.3176099063707257 , -0.5668858358215861 , 

-0.47464040942815067 , 0.8089715366051885 , -0.4190906529258256 , 0.8944167973680514 , 

-0.1571756042326048 , -0.1575847204101275 , 0.7827570739077742 , 0.784031117457434 , 

0.10632818378104891 , -0.49175847671767614 , -0.7930854470092529 , 0.6264799448977728 , 

0.013536863330452453 , -0.5967051768523727 , 0.08763354816163405 , 0.44262368684578235 , 

-0.1122016995776981 , 0.7321759199888025 , -0.10149034300373627 , -0.9083657131057844 , 

-0.741939769765365 , 0.6737822768630337 , 0.46481430804908586 , 0.9914637259243788 , 

0.17413246383767544 , 0.8056485244722728 , 0.6323661740976743 , -0.6416246148352026 , 

-0.2026703405174325 , 0.8308009307872144 , -0.3739425736169124 , -0.22528939469379594 , 

-0.253802217155809 , -0.9156998326629789 , -0.004616988134800382 , -0.646514277424922 , 

-0.0189943026647853 , -0.33532119263298166 , -0.48369381426834 , -0.34535417014855596 , 

0.8647060508346767 , 0.9351937279489172 , 0.7612822946074976 , -0.6151549556806938 , 

0.5229884911924825 , -0.9767977834611403 , 0.0013961693306462353 , -0.9301605724037132 , 

0.8168118413633695 , -0.18273224286830347 , -0.5604855340014745 , 0.22484139106347023 , 

0.4240282251462464 , -0.048055940503175076 , 0.8503070499959353 , 0.3163500172465721 , 

-0.9338759202861309 , 0.7342094136980833 , 0.4640387918435436 , 0.9115107265223668 , 

-0.6999313252327167 , -0.11192355475445626 , -0.1945460045914681 , 0.8897489217734106 , 

-0.24341501671377674 , 0.7695214719464805 , -0.8237038692112114 , -0.8033667675448894 , 

-0.21075799055526234 , 0.05301939587703297 , -0.8116838248278041 , -0.7865711748699196 , 

-0.13933443522499278 , -0.4544334100024845 , 0.26510938932911554 , -0.3146605968750057 , 

-0.5352671975870219 , 0.9146977745893029 , 0.812987885574176 , 0.5047767117650359 , 

-0.017212402102282476 , 0.8576015409626706 , 0.2693243649354007 , -0.899627282128738 , 

-0.5300291519945982 , -0.021149337068752105 , 0.21132380011748242 , 0.9255864385273287 , 

0.8822408704752117 , 0.40275264123121535 , -0.8520879805488764 , 0.4665788327694741 , 

-0.11119423289665975 , 0.8846581478299604 , 0.8367132642450292 , -0.24515339474523168 , 

-0.4298223298855308 , 0.3560189233844707 , -0.8406954629770841 , -0.9521536076086687 , 

-0.758917870763905 , -0.398015038726127 , -0.09954812640392197 , 0.3163900575335713 , 

-0.09882304495726946 , 0.8484296812157016 , 0.24854037534140183 , 0.555721703445359 , 

0.2444420071609017 , -0.8120871868212164 , -0.10146079569581878 , 0.9009521072413587 , 

0.5974824624014834 , -0.9335589289571546 , 0.24731316325583252 , 0.13394682403339475 , 

0.07983250303045075 , -0.9985438838798206 , 0.5938508759483347 , -0.33137825998007175 , 

-0.40197886831204 , 0.18032932525210021 , -0.23685576689496024 , 0.25550421959445035 , 

-0.19037305431401796 , 0.4977387284427348 , -0.28406795880787217 , -0.08338635323694421 , 

-0.7276513330053439 , 0.30097241912975037 , 0.5126727087330089 , -0.4159549427459768 , 

0.30961514552165836 , -0.8517478307063154 , 0.9892507770195528 , 0.7583258708377749 , 

-0.4728778465464575 , 0.3141450913231846 , 0.031098276974389827 , -0.9127764878993213 , 

0.59708440632988 , -0.7225645293945206 , -0.13782256143205973 , 0.9757864378726807 , 

0.63560984612729 , -0.7432022579855058 , 0.7721200356437418 , -0.880549434148402 , 

0.9786431700417729 , -0.2954500618300864 , 0.11864263898029226 , -0.6763628294771763 , 

-0.702562725514924 , -0.34962584425480947 , 0.19985856447790973 , 0.9863005163320335 , 

0.7095092264588212 , -0.4674408205041918 , -0.9778142939975741 , -0.33457606878548696 , 

0.511062915165946 , -0.9016099308104178 , 0.3207034062681249 , -0.2850018634995809 , 

-0.6599308958242697 , 0.32101150324061545 , -0.9631489450114815 , -0.5819507854194479 , 

0.08355097421323532 , 0.4778023341906986 , 0.8391053632134164 , -0.7352265612421359 , 

-0.8235182971781742 , 0.3828948349572189 , 0.4162863911541288 , 0.7402489611728604 , 

-0.9347409997990178 , -0.8062021216835696 , -0.9110249411195767 , 0.8749603665258612 , 

-0.5482309824874894 , 0.16805736183585684 , 0.512471493265363 , -0.7648596680105332 , 

-0.35143639100708557 , 0.1382137685948458 , -0.9950370532023923 , 0.157569791094339 , 

-0.9900216459785508 , 0.5088314445605835 , 0.3479870289185455 , 0.09834534227439162 , 

-0.145001661920379 , -0.15785722028694937 , 0.30109213995733064 , 0.4479263075707668 , 

0.28913618434343336 , 0.16920374119679904 , 0.8752428331276288 , -0.9341441555124025 , 

0.37649068378354134 , -0.42613438797920533 , -0.33693323570910505 , -0.1786868645245121 , 

0.9690700407649607 , 0.24425965072011435 , 0.18552106827333892 , 0.3904285936890184 , 

0.5544311253024474 , 0.8605518920452072 , 0.052169585338149194 , 0.6667307328537704 , 

0.05818072100165694 , -0.8447842014826712 , 0.6393779436234248 , 0.09412038633817899 , 

0.8052650240254817 , 0.7497999708508677 , -0.08000626729161264 , 0.08975243761516549 , 

-0.43395660819251025 , 0.567019153648921 , 0.3447014746650461 , -0.6750616739001539 , 

0.5164458240826908 , -0.803587711595345 , -0.5766303220677825 , 0.6230110807740964 , 

0.889942009326323 , 0.24757629324911912 , 0.48242570693238984 , -0.6703424057916529 , 

-0.9521915301055246 , -0.737634491396137 , -0.15825284228154357 , -0.23623577920435024 , 

0.42531841102390777 , 0.5035069849057612 , 0.9799009796464249 , 0.3387838723516502 , 

-0.3418940443823897 , -0.8938176658712466 , -0.43580755330210197 , -0.6506875532131062 , 

-0.2571421010953203 , -0.5575280949916698 , -0.03192056444291824 , 0.8855787655436983 , 

-0.9411849629214984 , 0.39547657227364197 , 0.6473055193845217 , 0.9563772558093986 , 

0.05523791000297007 , 0.8484039797459264 , -0.9694035376276853 , -0.597087179818862 , 

-0.565657390836757 , 0.3378727056169821 , -0.8878461615595897 , 0.3894398779921662 , 

-0.8997493180997692 , -0.9264848587226161 , -0.9757339232119728 , 0.385789082130496 , 

-0.09724418683862657 , 0.5138061348478326 , 0.4372844010174939 , -0.7696650139910494 , 

0.4613446529708364 , 0.13440138730786788 , -0.15075600987043092 , -0.24539297542938454 , 

-0.4632523611584751 , -0.17438833042772417 , -0.6855542483602801 , 0.09818370252677444 , 

0.9040797717595275 , -0.5729154953604177 , -0.4224259535803796 , 0.11610065878169251 , 

0.5880537535662897 , -0.3249709339384784 , -0.15564848854580093 , 0.8153113982219626 , 

0.010916744190055505 , -0.8519274547227907 , -0.8061196584917927 , 0.6600285534963102 , 

-0.8174319840311691 , -0.05623116261479422 , -0.12425470739231348 , 0.21854727432804222 , 

0.031898960969791945 , 0.12663919795484346 , -0.5115969136762538 , -0.4467849321599138 , 

0.3155855344635644 , -0.4104130962954562 , 0.34004747337921437 , 0.5407296705037483 , 

-0.7549824515044136 , 0.9188739106414101 , 0.39762168889733895 , 0.04920368387909624 , 

0.9347872819142353 , 0.28272549499367583 , -0.3396368610084247 , -0.18834794641552988 , 

-0.29952332896950773 , 0.2235519047246305 , -0.27423883527158543 , 0.549234131441827 , 

-0.05770014795379308 , 0.857895677699989 , -0.8611731294619106 , 0.6400104207849004 , 

0.13242175761940744 , -0.4003226163987704 , 0.5527068555439184 , -0.9539871909708852 , 

0.9123489461892175 , -0.08187982749615752 , -0.8556078471279829 , -0.5050687460600186 , 

0.8069218090339061 , -0.3503530042390134 , -0.7430871090559866 , -0.021937762310557773 , 

-0.8597486588853471 , 0.6687293280993047 , -0.5956109479063147 , 0.2423982493249225 , 

0.9240679002068469 , -0.478272086793905 , 0.29948904162547263 , 0.9992834470041481 , 

-0.15418877761289296 , -0.14261352671705563 , -0.3821443823933499 , 0.03933493235041152 , 

0.8168173291888488 , 0.939271805905964 , 0.3129719544264399 , -0.7664592883884934 , 

-0.6761740581002623 , 0.4149987071468444 , -0.34869173064875114 , 0.3507682739698095 , 

-0.45680902004287627 , 0.6713640443971068 , -0.5521027381760099 , -0.8948090478955512 , 

0.13802133911190761 , -0.3969832507676482 , -0.8631442161271446 , 0.5983906021894079 , 

0.08378855906904226 , 0.7127940588892054 , 0.35117007181627036 , -0.11341254817447488 , 

-0.2621128351351306 , 0.14678911208401657 , -0.02734302391761112 , 0.5301026411528197 , 

0.05768960425502834 , -0.30460997758249164 , -0.846054690810642 , -0.6860692991010199 , 

0.4318054632910876 , 0.05240957156949422 , -0.7742776923229265 , -0.7395751957063398 , 

0.43337127307135126 , -0.27838865356445064 , 0.05775613483663622 , 0.19843841412485774 , 

0.3149965844496062 , 0.5494130944460823 , -0.06294086835119561 , 0.8459672194344714 , 

0.7580120972073435 , -0.22911776189049438 , -0.32357544588378384 , 0.25533476480073525 , 

0.9603458679751704 , 0.8739036157747054 , -0.6708393302623292 , -0.8338000799011049 , 

0.5911599705531421 , -0.9732340733811905 , 0.5759544202537592 , 0.5881813511517363 , 

0.8661535110720722 , -0.35063694638287846 , 0.08416119521298049 , 0.05298805834925058 , 

0.24743851511077752 , 0.7918181361040445 , 0.9689708556691592 , 0.07261792511755061 , 

0.5218946711676983 , -0.7162935007952504 , 0.9855994088574862 , -0.37902512111222875 , 

0.26190954445940073 , 0.9589449845602241 , 0.3524902628775115 , 0.15626591924181166 , 

-0.9224100442787269 , -0.9779072801117991 , 0.8398314796519114 , -0.033327970186898925 , 

-0.07809193024844929 , 0.05519133106164431 , -0.09397370647438674 , 0.19664959864211906 , 

-0.5547529544386842 , -0.3064509831738069 , 0.076655480212939 , 0.5637352761113779 , 

0.45863667055307833 , 0.5662987997141555 , -0.747941797297356 , 0.20927341391100196 , 

0.35769236559099216 , -0.4655775961949059 , -0.37178227847870005 , -0.4851631304001526 , 

0.11865809303663077 , 0.2669935978876081 , 0.0730952610738882 , 0.5258556518053734 , 

0.15387238964221472 , -0.2755179616682917 , 0.525284006122127 , 0.08041700810922892 , 

0.08172151329511179 , 0.8899622749955044 , 0.8970913308145461 , 0.8627183315704083 , 

0.054627955399374706 , 0.6121348704424899 , 0.4376987865685712 , -0.861159607231966 , 

-0.2584869535028971 , -0.5799838293545595 , -0.3289768048670887 , 0.2993334139530738 , 

0.33745670544656825 , -0.44113310327097033 , 0.6837918045740704 , 0.18903510881798125 , 

-0.7480092119323167 , -0.6332179917608167 , 0.8192770032216794 , 0.6670250621349885 , 

-0.29614721781842224 , -0.38742607003611784 , 0.18397242679162373 , 0.5569498801668645 , 

-0.3616942311930518 , -0.021649961453800715 , -0.5677412255642273 , 0.8478283941688677 , 

0.5635633364035595 , -0.33965833884240726 , -0.47336775330508485 , -0.030509017599677946 , 

0.8699114895198607 , 0.20269102077400036 , 0.7787443310982516 , -0.4835043320377814 , 

0.40708497515652 , -0.5898847478827741 , -0.06855236916267426 , -0.3496095111191988 , 

0.47126298880334205 , -0.7139357810223248 , 0.2643445816962996 , -0.5947107336017408 , 

-0.49670492673156064 , 0.008405496581155747 , -0.43193424375604605 , -0.19018948706652572 , 

-0.9845081613608984 , -0.05307541132101656 , 0.8949978005349845 , 0.6103297999810332 , 

0.6457821002214279 , -0.7537576406942942 , -0.03379711332103763 , -0.08613367033507835 , 

-0.263145224439125 , -0.34296727515912073 , 0.39792764504796474 , -0.30695175092572324 , 

0.024450927230781683 , -0.01786279020712722 , -0.011998772865394525 , -0.5113351779006983 , 

-0.33264873657846306 , -0.28186074365450653 , -0.0031523592753155416 , 0.15851467131377484 , 

-0.34568700333949687 , -0.30633110687931386 , -0.9293260449332735 , 0.621913576612628 , 

-0.7503633781918578 , 0.8787792972911546 , -0.43716749151923007 , 0.5961006554376612 , 

-0.5240291065168726 , -0.7539214449807012 , 0.12850555348859283 , 0.15858912328897956 , 

0.6880539787091667 , 0.47405878947183666 , -0.7642850615937906 , 0.6778882118265626 , 

-0.3069572721117858 , 0.9751578214802502 , 0.1848710703270312 , -0.009213254171919316 , 

0.23711187224370012 , -0.5450421028541889 , 0.5756289914042944 , 0.6692609062524084 , 

-0.37892722989258965 , -0.9501021933366747 , -0.9566869795312607 , 0.9314553907977933 , 

-0.4364174402198666 , -0.7969299526010162 , 0.02578658278929502 , -0.03307229507382914 , 

0.4380611211803752 , 0.44528329602163796 , -0.7331280313327647 , 0.9356459654246465 , 

0.5228588037090184 , -0.038787918501216545 , -0.217116482209618 , -0.33006696265350066 , 

-0.7454944290203664 , 0.4697819381562751 , -0.9799153034238571 , 0.8277756138630711 , 

-0.9045070603542674 , 0.34470989222583925 , -0.4317127523047368 , 0.5294580279273337 , 

0.6473791139408711 , 0.266472402083756 , -0.1826084218739642 , 0.41265079648070435 , 

-0.35644737298027984 , -1.375299373443939E-4 , -0.7110252663833482 , -0.22966069544241163 , 

0.5695430074538503 , 0.338420211148207 , 0.28755409380423547 , 0.8572054972030893 , 

0.9392667220013299 , 0.7333361349351568 , -0.28313620978131004 , -0.2891822308432881 , 

-0.9848055750558153 , -0.010435988008511865 , -0.24049081025945185 , 0.7139692463800563 , 

-0.14019750951433163 , -0.732026754270679 , -0.3376931276711955 , 0.3676680553328404 , 

0.8529497730575709 , -0.025785783966600695 , 0.12280987573942193 , -0.10469146006704655 , 

-0.7369177675854867 , 0.9451745116835031 , -0.6484978860241136 , 0.87710411556987 , 

-0.03335024511196394 , -0.6780574248248104 , -0.3854725632241933 , 0.5641218051487323 , 

0.884007382134681 , 0.1699331247047584 , 0.5437520449126967 , -0.8431755662563545 , 

-0.17025776158208938 , -0.978183253251929 , 0.680583655463396 , 0.04394713419731988 , 

0.9220606527925984 , 0.423745821994432 , 0.7239585621988665 , -0.1767816983591245 , 

0.5507398197935678 , 0.35661911119572853 , 0.7906212160675301 , -0.5768844312719877 , 

0.4094550471695161 , 0.1016023554388571 , -0.42747955193489884 , -0.8557069565037738 , 

-0.43527769574353703 , -0.4006795250890859 , 0.15532247864248327 , -0.10093001452862249 , 

-0.8767763954049447 , -0.41845236777869144 , 0.4437505072597189 , 0.5164484702238964 , 

0.36101947787978117 , 0.12702914600375448 , 0.4962262041445715 , -0.9437651670032038 , 

0.8038999662045669 , -0.6367749593051921 , -0.4741505035026866 , -0.9561996296790722 , 

0.9176896119412176 , -0.2893304671035286 , -0.03887103706952155 , 0.4673178900950349 , 

0.3197282364777603 , 0.5793045206800117 , 0.3405289700907429 , -0.044989951710763254 , 

-0.49615450237432823 , 0.22104778114389856 , -0.8326503596642968 , 0.37248078720040056 , 

0.12458452756125649 , -0.9269128095267761 , 0.5413884575642074 , -0.5479813032913422 , 

-0.509644445997015 , -0.7134074152710979 , 0.6683231598740282 , 0.16398551708090447 , 

0.1352631711306126 , -0.801647278245022 , 0.6557237796808403 , -0.3579202066947751 , 

-0.5876318010523318 , -0.42851410155951264 , -0.09318141221294851 , -0.2754331836671392 , 

-0.3527356758082698 , 0.13492566049707633 , 0.09451735924481275 , 0.6377465467639212 , 

0.24236545870732007 , 0.347623773860096 , 0.02387342766694789 , -0.35448114658542396 , 

-0.45251345326174564 , 0.3208867791149742 , 0.6998908596169746 , 0.3733584493064517 , 

-0.508061475435915 , 0.7545724556836596 , 0.45688367181665024 , 0.20818606614309865 , 

-0.5976664406902861 , 0.6548977169884469 , -0.6919130497523533 , 0.8365333678722925 , 

-0.052749963143470024 , -0.2543615296916878 , -0.7766687308060445 , -0.908503100815984 , 

-0.974498267900489 , 0.057217000756690894 , 0.4630638953143048 , 0.45800558007826375 , 

0.26277839349509424 , -0.3268991131231901 , 0.16144952201421892 , 0.5579414882060093 , 

-0.5508774846831614 , 0.5818142666904974 , 0.7203548833158951 , -0.6106997135003089 , 

-0.7999708321600607 , 0.9158978446313978 , -0.5866598313865845 , -0.2153762785010087 , 

-0.5572251688663759 , 0.2103461181920966 , 0.4751057367507082 , -0.8031207556187275 , 

0.13144375117280094 , -0.5529287770564995 , -0.9260509613587512 , 0.4820163768988762 , 

0.19015871387904737 , -0.43128816746213894 , 0.3803771839369501 , 0.7829000933309963 , 

-0.5320779351227438 , -0.5166316369047369 , -0.6504528544515044 , 0.2475287832373737 , 

-0.03879180327561649 , 0.10422329858671364 , 0.9160601327521395 , 0.05049796201178913 , 

-0.05964662273403232 , -0.5270812195658626 , -0.6241912231503061 , -0.09631912568713763 , 

0.7336908031898315 , 0.10928639791356598 , 0.9216209293834177 , -0.28306208805335764 , 

-0.002599935989181734 , -0.47531010653347394 , 0.4991610213454466 , 0.8739684512549828 , 

-0.3184872672438299 , -0.2817650823309351 , -0.9765031411777343 , 0.16844256213917697 , 

0.30050555954377556 , 0.6879876971776427 , -0.20655627968458812 , -0.913826176239953 , 

0.8441467550781919 , 0.1318567309228169 , -0.12818523029255757 , 0.1493629954049187 , 

-0.4371456629816196 , -0.22725530920068182 , -0.046256014265057765 , -0.4237594276101212 , 

-0.6858938378430978 , -0.8495819913640057 , 0.467894811051104 , -0.5777478616292057 , 

0.3062700733609339 , 0.7257176830521742 , -0.873866484337372 , -0.5330585145298135 , 

-0.08279347691510275 , 0.09485417245904726 , -0.053978932208544106 , 0.7792062713233066 , 

-0.5500057204033256 , 0.25659071893991203 , 0.8854196723601218 , 0.49949871630177567 , 

0.39998848526688824 , 0.07270517102561591 , 0.6829307045041483 , 0.5276716934320316 , 

0.8699223021714764 , 0.7390053495791966 , -0.4997280385602828 , 0.576558319669055 , 

0.6135933620626294 , 0.3936675382415429 , -0.008072161740665273 , 0.43019821324169816 , 

-0.8107541637849668 , -0.37846782435198256 , 0.8383954829437268 , -0.040792778816727826 , 

0.5182443738191117 , -0.21931284191768985 , -0.5058933926438351 , -0.721912916713231 , 

0.5167784860317824 , 0.6424761143032228 , -0.3034846265146398 , 0.8793654376577275 , 

-0.15730582997853138 , -0.1929461384321518 , -0.7900478764468121 , 0.9711244831967858 , 

0.9608498360295679 , -0.2712926391400886 , -0.7528402105381745 , -0.6377340618941332 , 

-0.9757325603435599 , 0.6554569343053991 , -0.7730041041558832 , 0.19458808338544242 , 

0.14609061055005046 , 0.8238732193765206 , 0.7730689491224619 , -0.927494022769527 , 

0.19558884024383283 , -0.6463261978321059 , -0.17535346314574185 , -0.8829265899585492 , 

-0.7802381394164347 , -0.25895226107368696 , 0.5501753806345658 , -0.09437752901538976 , 

0.9142233685530907 , 0.18978965173765983 , -0.8827742882267674 , 0.43620789974904206 , 

-0.9226478454767397 , -0.05128427003390046 , 0.8378542618427643 , 0.5464090634537295 , 

0.4251005742284557 , -0.36615744371690473 , 0.6506522803499875 , -0.5096785835015749 , 

-0.10395252820830503 , 0.34304152408463795 , 0.5234389012881295 , -0.2422172850262636 , 

0.26128813961313224 , 0.6682899489859532 , -0.65635712158637 , -0.7696538259685604 , 

-0.41837824034004223 , 0.6303679258044057 , -0.29150602048127283 , -0.8395029268635749 , 

0.46160086716240445 , -0.14322977190229658 , 0.3991752491275401 , -0.5595635296842477 , 

0.08871601988495204 , -0.48508943057122067 , 0.8851366139330334 , -0.003663129978499824 , 

0.5594006735260922 , -0.8189902074235322 , -0.4478990788805669 , 0.9761546792743889 , 

0.003950230091550488 , -0.8115802676227469 , -0.4648333221091717 , 0.37657195181342584 , 

-0.7940528972519797 , 0.9164996930181312 , 0.5360723135783709 , 0.8558500631590384 , 

0.7295428442125271 , -0.13878581094485443 , 0.5650938330213265 , 0.7055171017955622 , 

-0.04503883815383136 , -0.34670273531598406 , 0.5048915514725875 , -0.1712631216804883 , 

-0.49037420408185983 , 0.44740146668925007 , 0.14864060302688342 , 0.6322930007577332 , 

0.9887246103003815 , 0.9928169166179543 , -0.593764143454824 , 0.33786906321737176 , 

-0.6263399023230988 , -0.032207867692823355 , -0.2583069340906532 , 0.6424500226636621 , 

-0.9777861372619429 , 0.27774631654056603 , 0.578522350760375 , -0.9308322855378363 , 

0.020604019156815534 , -0.8995623676481282 , 0.766579087133397 , 0.6747000303964528 , 

0.143290416274505 , -0.5166509837173754 , -0.25729361698987896 , 0.31199006513888305 , 

-5.084679380605861E-4 , 0.20004670826512816 , -0.7227948859526142 , -0.8904780938515635 , 

0.21943320778351627 , 0.5546728226354772 , 0.7840272897250445 , -0.6669923134061999 , 

0.21113868039182493 , 0.19627101588639884 , -0.7979983870324987 , 0.10366062130226861 , 

0.5909326660796071 , 0.18981773914495248 , 0.3496773968576742 , -0.9525979136845438 , 

-0.9615455793924441 , -0.2658339263901125 , -0.32745086111222343 , -0.37043947935451504 , 

-0.06307949962212644 , 0.8809937689697752 , -0.7110417682046295 , 0.2541269016511981 , 

0.5436237424293954 , -0.4394391736569293 , 0.4507981088642946 , 0.23935258577891283 , 

-0.8544432214662315 , -0.24120594172881926 , -0.06725746515583364 , 0.053069301105788336 , 

0.023645763210068504 , 0.9741681573130581 , 0.8498937903080106 , 0.16147074425186103 , 

0.31223472076153325 , -0.8159068299351 , -0.7839523022884748 , 0.9048498626678145 , 

-0.006453012565187932 , -0.46190898893838606 , 0.5842793267515702 , -0.5607405347412924 , 

0.8503250435635854 , 0.646503833505117 , -0.46505276642121474 , -0.026749353582414814 , 

-0.8723025080842406 , 0.9729416665623903 , 0.5243198164692849 , -0.06448362461548973 , 

-0.6099204798157674 , -0.11902240256617092 , 0.8722480872392425 , 0.29598176533500753 , 

-0.9863700787454264 , -0.7346794892065384 , 0.8819962695876996 , -0.3940523440127771 , 

-0.34289378513820556 , -0.5979256679482349 , 0.19211066065584992 , -0.15792814687996948 , 

-0.3809098170895501 , 0.8455668679353712 , -0.33935405042191413 , -0.415641383911058 , 

-0.017771798194055166 , 0.34509024839238067 , -0.15087259394252983 , 0.9445263854805155 , 

0.4100697965861122 , -0.5241331385354981 , -0.27460772842778003 , 0.8512558627663578 , 

-0.6483792375663038 , -0.22393833133330687 , 0.4768586035955963 , -0.10281733004055094 , 

0.8773638679270849 , 0.39320288991256314 , 0.5859019577903631 , -0.149835530752374 , 

-0.8451387153980018 , -0.6887260049042289 , -0.2105751094771331 , 0.833647323983724 , 

0.1357999589314658 , 0.2992624133254109 , -0.6127287656282822 , 0.018535357470192526 , 

0.5890270646534648 , 0.5589878188123871 , -0.36245560718665837 , -0.6405266335896137 , 

-0.6606644235751953 , 0.16698225010571355 , 0.6550010178459249 , 0.11416224235784855 , 

0.7281878384394191 , 0.07913768584388414 , 0.4182622814106016 , 0.28864455409801915 , 

-0.5949627605213998 , -0.38889636685427564 , 0.5897822041945725 , 0.39476810857005595 , 

0.6972001676506043 , 0.7632258781286889 , -0.19214385279901236 , 0.674040441072708 , 

-0.7675165148864503 , -0.2502372354077049 , -0.08567229667327425 , -0.631399089755458 , 

-0.9590038353787999 , 0.5248523938372933 , -0.5273496956224044 , 0.10293107680655789 , 

0.6837164600993793 , -0.8889272422585385 , -0.9148501506560476 , -0.580001055600562 , 

0.6694804563265706 , -0.5922365080445019 , -0.344600233659315 , 0.4811943643175094 , 

-0.9889319927994342 , 0.29072656898985827 , 0.8627718899518613 , 0.3134814239862921 , 

0.0646911263041764 , -0.7084426940248743 , -0.5381134876547099 , 0.9140092818801059 , 

0.9045768674316368 , -0.8195369253262047 , -0.7355256557770102 , -0.21392717780077497 , 

-0.07077019163236076 , -0.1167625797036892 , 0.2192879755149092 , -0.21565185222346073 , 

0.1368310246711869 , -0.7828619767163979 , 0.9648426376834965 , 0.12497907895777594 , 

-0.6364753247155311 , 0.831253378847689 , 0.8080418087768433 , 0.8294477149915176 , 

-0.758018908557485 , -0.5324236096314956 , -0.31076422998122377 , 0.16436226588530278 , 

-0.28839377912546327 , -0.6924323723125076 , -0.47180806730802327 , -0.6578806393639324 , 

0.5606437135442263 , 0.5999347274818849 , 0.16196560422664752 , -0.6965728992082484 , 

0.40880492105307487 , 0.7081278491287168 , -0.4121864298854857 , 0.30285750582879867 , 

-0.38407822456724117 , 0.36802825677854134 , -0.9337353625017564 , -0.9657213101104895 , 

-0.7361991041834949 , 0.17948609764455714 , 0.4992509935984858 , 0.216129406929928 , 

-0.913911631731892 , -0.7763422368785854 , 0.06361163656183122 , 0.8885312117921862 , 

0.5884526868287536 , -0.11213479690264117 , -0.7535144087348082 , 0.2598690234508778 , 

0.4539527443031196 , -0.5627613136901025 , -0.10467416346540592 , -0.5074951900891206 , 

-0.30865928817563915 , 0.4125025474803097 , 0.17554818758966673 , 0.17740431328863104 , 

-0.17088940283246423 , -0.5398144957751942 , 0.41649295608461956 , -0.6041865254081358 , 

-0.4336174103085918 , -0.3692947131569926 , 0.42325943306634906 , 0.47410835655473305 , 

0.3116041862796086 , -0.40622909089487524 , -0.9537328904931245 , -0.9727271597141641 , 

0.08497413543499266 , -0.9201255510568338 , -0.8368235921878383 , 0.20844554316840225 , 

-0.8931462576662496 , 0.5936408453475571 , 0.6524147243216127 , -0.8534119948333565 , 

-0.08302530809477926 , -0.20330647380438804 , 0.3112735995978575 , -0.19317393157826024 , 

-0.3653596537361048 , 0.6484604574644725 , -0.9138324343222506 , 0.02648942521476716 , 

0.2831717180666502 , 0.894790659760226 , -0.5167452396879865 , 0.10670390527255103 , 

0.7461675939379577 , -0.6488963087998475 , -0.68612658256938 , -0.06609803809536652 , 

0.6350317235551116 , 0.8302738846765773 , 0.966378809307235 , 0.014613074923786606 , 

-0.729513233414838 , 0.1571333757629203 , -0.6435140763749327 , -0.25435972693754405 , 

-0.46420997938224273 , -0.41245158222359357 , 0.43187689478955826 , -0.8013173591125914 , 

0.2659565396243684 , -0.2066683887470292 , -0.9631741952586916 , 0.6556288828629723 , 

0.47672256075681885 , 0.3034322451449395 , -0.20671849426731437 , -0.01189848949990746 , 

0.11592750865711876 , 0.824801410119125 , -0.19979081791816877 , -0.8508979099519929 , 

-0.9860782218504756 , -0.9023068764700672 , -0.7170294629189196 , -0.6040875902702713 , 

-0.8756355200872882 , -0.5902834212877758 , 0.7577508715498467 , -0.8323590867602663 , 

-0.8630159605442641 , -0.1078749154662717 , 0.9801090203803827 , -0.11040500320951485 , 

-0.9756351209283602 , 0.7261203435327562 , 0.46099914508281015 , -0.558122453677719 , 

-0.7078987626857302 , -0.866526362659041 , -0.4106126704980054 , -0.7104565595825703 , 

-0.15204781401063705 , 0.22753324672706332 , 0.7205491161474843 , 0.6670901657140438 , 

-0.7457637419233528 , -0.005279932557350375 , -0.47439131735541173 , 0.7133859039306026 , 

0.8904403648707124 , -0.525074738500777 , -0.799650410177665 , -0.8539870201381101 , 

0.9440283994468603 , -0.8499778077786052 , -0.6899866148278093 , 0.9504831156566327 , 

-0.34235909816166343 , 0.18290176481476483 , -0.6766121093348811 , 0.4045471366195421 , 

0.8528531153921344 , 0.12863643577968775 , 0.47778251241057945 , 0.5779496656525535 , 

0.2145207125751808 , 0.1322044866681028 , -0.005282589257922576 , 0.3908570804451077 , 

-0.6681600432740527 , 0.6599534948539787 , -0.3568132431913569 , -0.7898195068018615 , 

-0.1306590852844174 , -0.9397914937095351 , 0.6731853993497943 , 0.026855048830309203 , 

-0.017308087072308576 , -0.3269713795716409 , -0.9892273292825023 , 0.9410364548202982 , 

-0.9660284607883252 , 0.611831317500067 , 0.4573116410875142 , -0.6839864257999785 , 

-0.9674242515428476 , 0.8358966617707817 , 0.5724080293970658 , -0.5806879115884646 , 

0.6545629422010955 , 0.43275010286566307 , -0.27756834516585427 , -0.0670155640768465 , 

-0.7563911645892464 , -0.760076011387233 , -0.07874984858862666 , 0.8953946702060872 , 

0.9686921285245079 , -0.33928550439527216 , -0.5478832423557956 , -0.04999377162634455 , 

-0.7464908238480975 , -0.3691281822421776 , -0.8430914752334615 , 0.06285712214290318 , 

0.7718130245630612 , 0.32969699434869815 , -0.12496575671434529 , -0.6723835699128637 , 

-0.10070478355523838 , -0.743232442767231 , -0.9978048844847194 , 0.015557590814680888 , 

-0.24341823093246284 , 0.4081322466981856 , -0.3547242285962948 , 0.7953392611203743 , 

0.6816702974050846 , -0.6725730567862094 , -0.2555406603526663 , -0.1146190076512128 , 

-0.5768803322050939 , -0.564149887876367 , -0.7163394345231453 , 0.9181436478752131 , 

-0.6732929910977735 , 0.841940224135514 , -0.5396296630708726 , 0.233819803996413 , 

-0.6498926396546406 , 0.28739839816373236 , 0.5639942474470077 , -0.6548010768343927 , 

0.4250155653852197 , -0.800487041538878 , 0.9621408405826629 , 0.7537650709945808 , 

0.16756607253305456 , 0.11745136488129704 , -0.4662597279821197 , 0.3707866943807241 , 

0.018742924496851554 , -0.21664293822189307 , -0.6495953406100257 , -0.9662138906052838 , 

-0.7781823045397133 , -0.7287989011239551 , -0.6431372517232103 , -0.47995198147997564 , 

0.05842342447122617 , 0.9181831615832198 , -0.9163369605578812 , 0.3885630538136988 , 

-0.6616032425380048 , 0.05099540139786862 , -7.570824326421643E-4 , 0.901586500644847 , 

0.18228642765803726 , -0.2174546929020933 , 0.285558614878745 , 0.48848692016724826 , 

0.09033671085946782 , 0.9239634329962205 , -0.26373308562252884 , 0.17763590715981825 , 

0.7977361410387735 , -0.021758272707159576 , 0.8579853190866864 , 0.31873353039724395 , 

0.46325827414026033 , -0.7884539791801642 , 0.7051736495870521 , 0.7500762469186183 , 

0.5389015968049976 , 0.22888673697231543 , 0.5282132061328421 , -0.5620770391807617 , 

0.3119895041637627 , -0.9116628926039432 , 0.9743490448529774 , 0.8984444440167649 , 

0.9468430061622417 , 0.9078196417878144 , 0.5487049998255799 , 0.4864263562840381 , 

0.7799324001366713 , 0.64800361113824 , -0.5220147973652735 , 0.8375251196602058 , 

0.872414300095008 , 0.7645740200444426 , 0.941441505711057 , -0.3100900482414548 , 

0.07396001455264656 , -0.23503606903653396 , -0.12339148518976972 , -0.47519354122438695 , 

-0.10178189434577434 , -0.393211501098765 , -0.2572295142949451 , 0.4771973739102382 , 

0.38876342620454685 , 0.6245519450054943 , 0.9988006979625293 , 0.3304149175305837 , 

0.7045997903667155 , -0.8120016965618935 , 0.18266600484661233 , 0.34327587858397035 , 

0.8038548442784119 , -0.8488160907172206 , 0.03195731554813164 , -0.11139989877846457 , 

-0.6048408408807852 , -0.7847416510461014 , 0.4947583741142799 , 0.770984853760915 , 

0.6532271490029992 , 0.4219642664231973 , -0.5859179196423477 , 0.4539164375970792 , 

-0.8742842918108699 , 0.42723178255237715 , 0.8632010848319274 , -0.1360053107676693 , 

-0.8676694292706172 , 0.2765570719112548 , -0.41668556928720957 , 0.31975767593814486 , 

-0.2486595931264306 , -0.5989079325193083 , -3.085775557502002E-4 , 0.24308610315969525 , 

0.7897389866158366 , -0.7352901398607627 , 0.18447087324324507 , 0.5553662675935626 , 

0.36644647115705564 , 0.5796296521931649 , -0.6586043489726252 , -0.6522463543609195 , 

-0.9613895298805925 , -0.0178606139477967 , 0.06260905374507608 , 0.11061495007264988 , 

0.23033118041653466 , -0.5316248817813748 , -0.9760662637358078 , 0.9151340489813727 , 

-0.38425555311510096 , -0.7829898744473749 , 0.9441335604339242 , 0.4177431944757354 , 

0.3913190764984875 , -0.24659062750862015 , 0.669028286092376 , 0.22154097407738305 , 

0.7525929637698144 , -0.20560242937637996 , -0.7460057650804452 , 0.4304503431460476 , 

-0.35550344298832115 , -0.67795021027026 , -0.5727382066193265 , 0.9560738091886466 , 

0.15887613254176736 , 0.08916118724400113 , 0.31100095316473253 , 0.8231447955156442 , 

0.7134904904351289 , 0.7582664972872123 , -0.02957186325722516 , -0.6649815514166912 , 

-0.7720509699945435 , 0.5131588357382162 , -0.4072505750605815 , -0.8503495774215074 , 

-0.4924806838457243 , 0.0018114818407448663 , 0.6249034319583153 , 0.9331391637860234 , 

-0.9884443652279905 , -0.5157656765256002 , -0.3254407046699572 , 0.3662640480226458 , 

-0.23100627204093926 , 0.392292144031949 , -0.7706320477194056 , 0.6711874692397003 , 

0.5553298748389724 , -0.31163340207440127 , 0.5736667576617239 , -0.504481990187363 , 

-0.27632511573173435 , 0.0557325404118334 , 0.6363647038454743 , -0.31282925301642583 , 

-0.16714969942606317 , -0.5448554478002319 , 0.16994456617218667 , -0.517865823580372 , 

0.8044707174575735 , -0.21851208522913212 , -0.9282553474876013 , 0.4222816851678759 , 

-0.03439270176902276 , -0.07708340544431713 , -0.03237751939480227 , 0.27857717141775373 , 

-0.06295850554112792 , -0.9505601648568627 , -0.015500178905811457 , 0.21188499616103107 , 

0.9251290403777594 , -0.8107996839488125 , -0.9669801053351851 , 0.9382635350205988 , 

0.3361484391145325 , 0.19370698854008117 , -0.9044893854248239 , 0.46986730870796756 , 

0.17920062119865732 , 0.047746499785579655 , -0.7531576078622483 , 0.24840142634462337 , 

-0.1332637032491999 , 0.5751905935084525 , -0.5606148853996172 , 0.3982657971864596 , 

0.19506823919619576 , 0.8825110998808712 , -0.8268421304188355 , 0.040795578506146346 , 

-0.09906588906995917 , 0.5063202801251144 , 0.07773453667622421 , -0.8610041075961685 , 

-0.8893145529930951 , -0.1312671947841827 , -0.06128483463313106 , 0.368234450371265 , 

-0.1471862043681076 , -0.06629609709222772 , -0.19529236996350163 , 0.5421259709951937 , 

0.6288037046822714 , -0.29567266913649826 , -0.14550435657795047 , 0.8053020326588123 , 

-0.3161130201871756 , -0.1711847268904979 , 0.6630953761070985 , 0.514185137076854 , 

0.13549680249963902 , -0.061923487481542416 , -0.06039167634938747 , -0.40934582889722215 , 

-0.8478357310296665 , 0.5280515404846717 , 0.9537461990651092 , -0.7167914416221866 , 

-0.8639239592617554 , 0.8349640114868753 , -0.15247092687476205 , 0.8416011378951758 , 

0.989144742420254 , 0.8742489479548785 , 0.8227323380824415 , 0.8453132685984824 , 

0.351312476786376 , -0.8078533485952218 , 0.3053167901503768 , 0.1484715855719636 , 

-0.015587772089952767 , -0.0018609481962679197 , 0.21617149398544833 , 0.14973617593586097 , 

-0.04037119864766181 , -0.06628812698680475 , -0.7086279072143792 , 0.7029658688946593 , 

0.9780824871330057 , -0.06730401924797524 , 0.02621318625669522 , 0.6436777669382704 , 

0.07473121753055201 , 0.22828137647771785 , 0.7249566073285313 , -0.8062907640761715 , 

0.6721851716626795 , 0.6860840884810947 , -0.19409660363695969 , 0.22355882968065444 , 

0.5670428254255955 , 0.11899782082814281 , -0.3540949787206312 , -0.4496004809905586 , 

-0.33001589435255096 , 0.31270999242759245 , 0.6608646808038819 , 0.19793079654635148 , 

0.8397286247078533 , -0.9807452610854432 , -0.795116960512619 , 0.7359020434306414 , 

-0.5348396766743797 , -0.40576294196242 , 0.6657345426882977 , -0.7269592929367261 , 

0.13839303106786982 , 0.7181223405347812 , -0.606076925220945 , -0.46211716459449115 , 

-0.8583042057249541 , 0.8781224920277303 , -0.8921240258556112 , -0.6720640955279991 , 

-0.31788789262323336 , -0.6783224453880944 , 0.9613644463553963 , -0.36130020801886076 , 

-0.7203334732437188 , -0.3323484273033265 , -0.961334642030657 , 0.355715224403794 , 

-0.0010344114752374178 , -0.4665939274759505 , 0.5067151840611566 , 0.5050124798287172 , 

0.9716779592193739 , -0.5812192567273406 , -0.7738905441817939 , -0.7313854000313988 , 

0.7100013602600647 , 0.29685659678821374 , 0.31187822408022425 , -0.3658527405441683 , 

0.6991208161930638 , 0.9534267729747591 , -0.19853406885894043 , -0.4636586341137443 , 

0.4703394372323002 , -0.3774743423024922 , -0.42093949005258113 , 0.04014398859884627 , 

0.7533404938424076 , -0.8844267588501787 , 0.608877176782713 , -0.41849515548277416 , 

0.38767203555225616 , -0.8321842163764938 , -0.5003014601251076 , -0.1307764485145244 , 

-0.49942949837257045 , 0.2924462503767309 , 0.767709410082861 , 0.06365249967085496 , 

0.6970420765998202 , 0.6561814984165498 , 0.08431926982463256 , -0.7902068456883509 , 

0.2900694878800487 , 0.23964667857833366 , 0.5589620309098677 , 0.2792629335235782 , 

0.7849152127886305 , -0.20736120720888718 , 0.9185928510178294 , -0.4236139305398 , 

0.1613625025234947 , -0.37844361266159543 , -0.0673282296610116 , 0.07856717760105192 , 

-0.6838393030230325 , -0.7327159054514532 , 0.9009154273329237 , 0.5522102594679189 , 

-0.2513185753707403 , -0.6829825011003381 , 0.5055399765155917 , -0.738804135795039 , 

0.5397600192367836 , -0.4298894612101686 , -0.11987826918566558 , -0.33671021026712844 , 

-0.44099952275634324 , -0.9657707458988667 , -0.489300629660226 , -0.8422571611531636 , 

0.5519927702780212 , 0.5438873995989578 , 0.49113171586014515 , -0.26095417984751546 , 

-0.7183189216002357 , -0.6794661025834082 , 0.15987423152680047 , -0.7274564183259318 , 

-0.8858509356899141 , 0.9989433007911749 , 0.49130232308342314 , -0.4756892399310966 , 

-0.7644985046554763 , 0.5038211749537163 , -0.6543307852379068 , 0.8505374841975964 , 

-0.05793022312248297 , -0.06554156473738804 , -0.4895664266666171 , 0.3025057813374774 , 

-0.2631806980136201 , 0.2177843100686504 , -0.42344786143706215 , 0.55675634316306 , 

-0.29404941014590824 , 0.5625962222145597 , 0.176879846540962 , -0.397930556640839 , 

-0.43219729341712887 , -0.3567566475965678 , 0.8972685280531273 , -0.762160382170042 , 

-0.35984719479384586 , -0.09478632119784358 , -0.5928638578487161 , 0.07767600943954311 , 

0.2779946949630745 , -0.15500543528923671 , 0.9983153720309249 , 0.045415929418897605 , 

0.36403541560707153 , 0.825047270156808 , -0.250347496144136 , 0.3010457188750032 , 

0.07271507709646485 , 0.27323367763449813 , 0.0024609483041859725 , -0.6497917779265389 , 

0.03430848471525849 , 0.28221856295918146 , 0.8575659806376853 , -0.815496235071301 , 

0.5539339530820898 , -0.8113058569173534 , -0.24745429093237414 , 0.8952992080445228 , 

-0.9659090116051509 , 0.70384777362341 , -0.13801541194566824 , 0.9613549851205858 , 

-0.34705401239385725 , 0.10613013647141134 , -0.18910389618332135 , -0.5009879352365989 , 

-0.3428497591361601 , -0.4141506644578351 , -0.24796387100515793 , 0.6366946891985102 , 

-0.11035517486755486 , 0.814696591635279 , 0.3051167230762577 , 0.31739873562435694 , 

-0.6317918200446788 , 0.73712777266494 , 0.29161858387809436 , 0.9223637727196403 , 

-0.9027008392652959 , 0.7822718036900209 , 0.3465935913648468 , -0.9691719073853667 , 

0.7485790809923347 , -0.9448370060240876 , 0.4339493834125484 , -0.8671731545124528 , 

0.273900438010357 , -0.19574979442594742 , -0.4371808353991947 , 0.9078122609078071 , 

-0.1974287580913492 , -0.740822672335844 , 0.11116854971754031 , 0.9332392992552089 , 

0.5777283055429906 , -0.5221589362602819 , 0.5198781468116075 , 0.3746102130184875 , 

0.6827785030959002 , -0.7787006073517609 , 0.8388666941752843 , -0.6014834522163178 , 

0.007598659131533569 , -0.732325441402734 , -0.6515025836743548 , 0.7737192013511025 , 

0.6937894320589756 , -0.7158997215645823 , 0.11780499246466414 , -0.6372871531567398 , 

0.8548968933044894 , 0.3096928116707923 , 0.6448091410102121 , 0.955389321997169 , 

-0.5615056352482656 , 0.30255964548390857 , 0.9373637740465217 , 0.5163040070426835 , 

-0.4899671953541648 , 0.5442977630447935 , -0.55826711524598 , 0.9093572276925502 , 

-0.48866981814380195 , 0.0055846894641589095 , -0.37664716263695186 , -0.5104277488215049 , 

0.5657562360427002 , -0.6119022747854842 , 0.533493179030393 , -0.36839224928666336 , 

-0.05219521507837854 , -0.667854051029602 , -0.8032441029447314 , -0.9339164457986109 , 

-0.9441133750947498 , -0.9382819046751042 , 0.48034038410545565 , -0.821998822450758 , 

0.6782937531690093 , 0.7025882920482007 , 0.1696455725072069 , 0.04967302387988626 , 

0.8447467928809443 , -0.3486703927337331 , -0.10964353181546271 , -0.44027512276771574 , 

0.5902605782981344 , 0.32287203360020356 , -0.9073180754821879 , 0.13568211022906085 , 

0.7168361517891638 , 0.5023604267510314 , -0.8136207845938302 , 0.40792790175279314 , 

-0.72891453336264 , 0.3063328908932277 , 0.918433455648749 , 0.2116029315696969 , 

-0.33330133279820495 , -0.1124608602060182 , -0.8939315407794823 , 0.16844371006982017 , 

-0.14569532639817184 , -0.7949766854767336 , -0.1652547082419752 , -0.9255186630125689 , 

0.6077275229253253 , -0.4508098982871468 , -0.6373905951145326 , 0.07841626207369667 , 

0.3684164870584904 , 0.630178927305313 , 0.35717840901983944 , -0.10084196663811373 , 

-0.6339465119866318 , 0.6380447512015796 , -0.739338339054104 , 0.9720300385367329 , 

-0.2396748937608294 , 0.7228324995955628 , 0.23543306765821836 , 0.44337665277872673 , 

-0.44827423592321736 , -0.21882744929985487 , -0.5746676043853116 , 0.1357002542187058 , 

0.7279164617153264 , -0.9586515837294505 , -0.9554339344652666 , 0.9085357992770299 , 

-0.01440451453898206 , 0.5222269019723362 , 0.8165063082398037 , -0.19286889970798626 , 

0.21115801419026514 , -0.1386319359628767 , 0.06679392513902427 , -0.22871600834514738 , 

-0.9309592146181357 , -0.3072573120761489 , -0.9025567116131453 , 0.3989572524145102 , 

0.7333654785741631 , -0.4546672849714398 , -0.5909909392397393 , -0.10082783827789044 , 

-0.36169447334393356 , -0.1935726404188024 , -0.8490906878940151 , 0.8464744320314989 , 

0.7334883550806388 , 3.220513990761509E-4 , -0.6966912967054226 , -0.5339826856913338 , 

0.6883632725912897 , -0.3773174853769464 , 0.9126013962839888 , 0.08028232084089393 , 

-0.7471503016338665 , -0.8167603074531903 , 0.47272941907050503 , 0.8573357383071742 , 

0.3862341927299112 , 0.13213417648458525 , 0.5991110993375869 , -0.6230167073014765 , 

-0.5809960957049399 , -0.973830969095695 , -0.2987439714544363 , -0.8880852292508689 , 

-0.6222665173013099 , -0.595326104342491 , -0.5211353555905857 , -0.9106646901725723 , 

-0.45969486134043447 , -0.18630930278634705 , 0.3134699214278389 , 0.759627970511811 , 

-0.07594156190981982 , -0.33917729429939814 , 0.6023032072969814 , 0.13829827611811896 , 

-0.6455994198221389 , 0.4652945158103805 , -0.48068714805557033 , 0.9098712028184474 , 

-0.48275007086542887 , 0.22742820155323562 , -0.1296340263762802 , -0.5159643421544471 , 

-0.031061980024791214 , 0.3047638697746924 , -0.7528251168289533 , 0.7297004564545326 , 

0.40033619566848455 , -0.056907854332268304 , -0.15347014685318427 , 0.4347307021714566 , 

0.20340611631775696 , -0.9032827435778754 , -0.8322239110598179 , -0.37160395200774177 , 

-0.697297466740408 , 0.48432215889163155 , 0.7350661853099263 , 0.042888583000990965 , 

0.4825548477461328 , -0.9208711599441585 , -0.030051418570679833 , -0.21845304186174264 , 

0.2646410340718979 , -0.7381984184793241 , -0.5418341776333225 , -0.7323111896574442 , 

-0.4313151686685651 , -0.2710264700474506 , 0.7228768450444074 , -0.5124389979055308 , 

-0.4498963481519771 , -0.6159862823384961 , -0.2902454484779575 , -0.034968620520922644 , 

0.3383186210698508 , -0.44790235268768075 , 0.906900472076992 , 0.644166093305965 , 

-0.7138838117913067 , -0.2663147298652604 , 0.5363882225182823 , 0.4295990654077334 , 

0.17361827362676718 , -0.8886439268537574 , -0.34983959287819555 , -0.6019007324743407 , 

0.010139961633308547 , -0.2564054102969938 , 0.31418192371335985 , 0.5585361002636882 , 

0.5169419212626198 , -0.8708792980481138 , 0.8404707820822682 , -0.08097708371242174 , 

-0.38699868016420114 , -0.4246422857770624 , -0.12124742497678032 , -0.3546924286575075 , 

-0.9586014530364405 , 0.44536721799787327 , -0.035828387910027404 , -0.7533588345583151 , 

0.31232875859690945 , -0.018297391531457707 , 0.7524336729348394 , -0.578699660292394 , 

-0.47305851502670826 , -0.90380105891831 , 0.4060592541328779 , 0.1973571219862571 , 

0.2209277584747883 , 0.6164129888288249 , 0.4810006654212391 , 0.2662045810211906 , 

-0.2651465203636555 , 0.2817689905698967 , -0.776933694190516 , -0.9875049578352753 , 

0.7845719261259981 , -0.3378397754477561 , 0.08745838682753682 , -0.5853215045831914 , 

0.5889487307386786 , -0.3968704420653266 , 0.9700127249128971 , -0.4445875459696955 , 

-0.4047226740585941 , 0.8344316081367663 , 0.23606226010289 , -0.6042408327224749 , 

0.03933275956814086 , -0.9219888558770892 , 0.040471641802854896 , -0.5458292436801386 , 

-0.42788895129349425 , -0.5693962378780496 , 0.6989647950281301 , 0.4689940099522739 , 

-0.8161411466342787 , 0.993720562682246 , 0.6125795857020816 , 0.4952364297175236 , 

0.5836461657370012 , 0.8808023932311455 , 0.9280233806101009 , -0.49137471650319164 , 

-0.46103841398514533 , -0.8559600974193731 , 0.8128357192386617 , -0.45409689735826975 , 

0.1453111892062977 , 0.3302432043059327 , 0.4742644227619369 , -0.6470162025977135 , 

-0.5670141039046904 , -0.03864150207225292 , -0.3007612903498398 , 0.9316352435094738 , 

0.31327363137243236 , -0.8366556469899848 , 0.7550036857082532 , 0.9836249056120485 , 

0.9605422981418779 , 0.5716361590726996 , 0.897348231080533 , -0.33582472324064006 , 

0.32098343477485924 , 0.09529646191570584 , -0.6686229488739521 , -0.43937041718052305 , 

0.8563972533203894 , 0.7338067008371011 , -0.31116389677682 , 0.18435527916932015 , 

0.7635946642476618 , 0.7818742277922777 , 0.5570028525967793 , 0.5714315245710477 , 

0.4851252940899491 , 0.837217226404676 , -0.46211196802614507 , -0.4757577233489214 , 

-0.6492654982080402 , 0.041837641256486036 , -0.015611955015369383 , -0.6946987361135886 , 

-0.693173090679135 , -0.5464996985175771 , 0.9028497612133984 , 0.7206843473301646 , 

-0.6731146378739018 , 0.7648201597046149 , 0.051252171496136034 , 0.9306328063939026 , 

0.015671955771231816 , -0.23337675211083686 , -0.8378616571202292 , 0.13334562512006487 , 

-0.21383373952978013 , -0.144240791038575 , -0.08746035072984537 , 0.6662797156979573 , 

-0.721878644990862 , -0.8663405342325474 , 0.24018890833791195 , -0.48310326980875773 , 

0.5529562945241792 , -0.022061201689617338 , -0.3175660992565841 , 0.9234416790239375 , 

0.33327211710901106 , -0.9354880745831735 , 0.5658155796246078 , -0.10621947250081376 , 

-0.8167826217222147 , 0.518699001358602 , 0.9054059959801499 , 0.13800475835654558 , 

-0.11430688726580007 , 0.912512493770003 , 0.565710792570372 , 0.5777624502109157 , 

-0.14096120338155083 , 0.4480973907373371 , 0.5336938166922583 , -0.8494222809914733 , 

-0.035822339911651735 , 0.7458509209946649 , 0.6955271777123622 , -0.543668176064024 , 

0.5577262824952464 , -0.01795089653950499 , 0.8000472677954619 , 0.8003548760233282 , 

-0.7111084261499464 , 0.8909884282697197 , 0.6229556756612776 , 0.21295843336106568 , 

-0.10579152043583384 , 0.315087573820787 , 0.960670759838206 , -0.9464665254999863 , 

-0.8046275741178133 , -0.37591807802186983 , 0.332736500974515 , -0.010115051949112996 , 

-0.6629001544848875 , 0.07600723600393122 , 0.5216946008416331 , 0.8763770698276283 , 

-0.4133929390649266 , -0.40175755346836695 , 0.32932633583126547 , 0.8876104684570829 , 

0.0010313050707901894 , -0.242576077687212 , 0.17817025924084307 , -0.14177071294104027 , 

0.9210026876565036 , -0.9785217980719108 , 0.43722189507058473 , 0.7985944688359283 , 

0.5642624401652832 , -0.802877474169445 , 0.6007220466179034 , -0.9976610115269196 , 

0.8243308454917254 , 0.09605192484436087 , 0.6989395720197932 , 0.8297371355550607 , 

-0.46928827251027627 , 0.4172191290549101 , 0.5698550190609278 , 0.052811998122897386 , 

0.032874044735907715 , -0.9301004923568081 , -0.8706514854881712 , -0.49422826022532595 , 

-0.22859572459647426 , -0.329296309167863 , -0.9579189108847124 , -0.33031557965330827 , 

-0.14075482006693463 , -0.5835729164880075 , 0.015477711859112508 , -0.6849327820642778 , 

0.6962952817687809 , -0.06251151695392221 , 0.05872870420995413 , -0.23832511454416072 , 

-0.1713809984505379 , 0.8629252041756884 , 0.6944347544348002 , 0.7877024980729089 , 

-0.7366085322928064 , -0.4014502352898818 , -0.7648411265958993 , -0.9509453695829828 , 

-0.294761369008936 , 0.5897178974120314 , 0.2550402872863071 , 0.45484417158371027 , 

0.11501191673422118 , -0.15851310978040167 , -0.09248756101415578 , 0.6992787000613528 , 

0.017477565927610295 , 0.9473262498350553 , -0.7175741065538972 , 0.5387438082120584 , 

0.1120368729154676 , 0.2257041587596389 , 0.5541630924921913 , -0.4726273563425648 , 

0.34531235066472954 , 0.36280674767462207 , -0.7589954754620405 , 0.6856470470568686 , 

0.35972602627254524 , -0.41157546548323987 , 0.8788719074933519 , -0.6298521180201061 , 

-0.41853391348361546 , 0.42391972918390064 , 0.2945164681683725 , -0.08959612163592967 , 

0.40074582049263896 , -0.563327883124114 , -0.5800289640770165 , 0.9208873078210116 , 

0.11983661899134168 , -0.3313084378324156 , 0.15683179673433456 , 0.9065226678496013 , 

0.47015528295878595 , -0.4740682964643713 , -0.8710177316732097 , 0.4184118201756445 , 

-0.15493792001198448 , 0.3858340845775885 , 0.37300477104020846 , -0.8284971761849993 , 

0.9998310665626134 , -0.07522273247827149 , 0.42840441025360576 , 0.8596765444335148 , 

-0.10583150684975084 , 0.0110675376129592 , 0.5390095481067376 , -0.31813438035551167 , 

0.34554879023688856 , 0.41410614682062463 , 0.502808248919315 , 0.8984880262629421 , 

-0.9566967738983694 , 0.8109367231716753 , -0.7919296037681093 , 0.003155081564545137 , 

0.23672049194336542 , 0.9166481188108482 , 0.8774281054664818 , -0.7673483150804997 , 

0.5924644322333925 , -0.16253086242291903 , -0.8798124639492005 , 0.7311041625243427 , 

-0.44878858899670093 , 0.43527493920041405 , -0.17422541829304905 , -0.8497511986759148 , 

-0.7700385289577285 , -0.8440604939294079 , 0.8291806880965077 , -0.7842248433839358 , 

0.1982757422274113 , -0.5819480236684639 , -0.00776322556823994 , 0.6626344897562989 , 

-0.06217447841963275 , -0.19797398947112554 , -0.7101991718179854 , -0.7544892168191356 , 

-0.7604912721843814 , -0.8463584061764311 , -0.486701596743206 , -0.7489887145869969 , 

0.2740136342943813 , -0.3292303024649621 , -0.9994985228626337 , 0.5787850101304974 , 

-0.809893717594993 , -0.9992776474577963 , -0.5629491560278752 , 0.9806220174645377 , 

0.8322738586372418 , -0.8387278223203936 , -0.04065487551828417 , 0.23425855199751744 , 

0.9831095435334535 , 0.2810648233668511 , 0.7284710331101283 , -0.7710813033734311 , 

0.6470965274919975 , 0.5918896700073277 , -0.10232588265726317 , -0.593814130153577 , 

-0.16460824516648553 , -0.8753299432637557 , 0.5597529207423367 , -0.6987295964750665 , 

0.9465496228777375 , -0.022405129362310983 , 0.5340428630781914 , -0.9417694494089895 , 

0.9950336906141822 , -0.16775347806092733 , 0.6099214552620991 , -0.039979711286263875 , 

-0.5837872166277149 , -0.47112729608948367 , 0.5196594096177226 , -0.6496673911878292 , 

-0.10219156136500052 , 0.2900621990964337 , 0.1485208082884688 , -0.7126841545910874 , 

-0.31686510021111725 , -0.06012713072079945 , -0.9284560333491299 , -0.5122441118314406 , 

0.5546932553233377 , 0.4491612458780051 , 0.24894560135238009 , 0.1296812357341829 , 

-0.5612127617034203 , -0.6019036100617015 , 0.7639011791438629 , -0.24355320399714997 , 

0.03825588741124597 , 0.5414225046540535 , -0.7235299273944359 , 0.4624974672520229 , 

0.11476150873965407 , -0.043750133584451234 , -0.7100684859362106 , 0.6332462415271438 , 

-0.25465858888995807 , 0.5521291562506643 , -0.4062928293073459 , -0.8152062185891595 , 



0.6246920822404336 , -0.9472821346076934 , 0.27571026930117243 , -0.8630096258311256 , 

-0.016458738884742863 , -0.24007695595870537 , -0.2833397959425747 , -0.8084426303500619 , 

0.41574918581206244 , 0.5030918847627999 , 0.035987159556986024 , -0.48315751771591675 , 

-0.7254733729569737 , -0.6073289664414291 , 0.9709206704352258 , 0.07357470713015568 , 



-3.587796092838414 , -0.580632033123051 , -0.471854259672276 , -0.5493811154323198 , -0.1720859314697435 , 0.6541336509252941 , -0.04114381446535753 , 0.15703077519057573 , 0.07746089923505428 , 0.3131585283889202 , 

0.9070846215566994 , -0.41965422678518227 , -0.09110104245915684 , 0.9189897104351054 , 0.695346356958042 , -0.33478299950283097 , 0.8472089272438789 , -0.7179027551799572 , 0.04306091217540553 , 0.7112949639433044 , 

0.04219014287396952 , 0.30387421399649206 , -0.28512092223780683 , 0.8369874444511168 , 0.9081498274689058 , -0.8513705778847844 , 0.5909438589825028 , 0.9181837919171926 , -0.6703367650719957 , -0.6846242789770833 , 

-0.18099841287291252 , -0.9827800895964116 , 0.742441661321448 , -0.9998024754626308 , -0.501869603051424 , -0.18813784874826933 , -0.6636555442262018 , -0.80647538012233 , 0.4887871378096067 , -0.7252293145924149 , 

52